1
2
epoch:  0
train-map: tensor(44.1054)
val-map: tensor(29.6958)
tensor([40.5254, 46.1944, 31.8366, 45.8371, 33.0057, 40.5464, 34.5467, 33.0728,
        38.9983, 19.1105, 16.2950,  6.0205,  0.5175, 33.0957, 32.6325,  3.4249,
        13.8742, 51.9533,  1.8531, 69.3295, 27.1933, 40.9872, 49.8334,  4.0871,
         0.9994, 61.6646, 30.6310, 37.1421, 58.8114, 12.3904,  4.8838,  1.3230,
        35.6594,  2.3652, 40.3636, 72.6636, 36.3593, 15.3409, 19.6592,  3.9628,
        66.1745, 20.7056, 20.2307, 67.4084,  1.5040, 76.4174, 60.5567, 29.9480,
        20.4528,  1.7379,  0.3615])
val_loss:  tensor(2.4854, device='cuda:0')
train_loss:  tensor(1.1186, device='cuda:0')
epoch:  1
train-map: tensor(47.5862)
val-map: tensor(30.0228)
tensor([44.0513, 48.9961, 30.3282, 41.0843, 32.1466, 38.9297, 19.5759, 28.4495,
        39.8100, 20.8157, 17.0867,  4.5539,  1.4074, 39.2083, 36.4876,  2.9080,
        21.7206, 55.2570,  3.0161, 72.6247, 30.8462, 47.8236, 44.3172,  3.5192,
         0.8518, 62.5830, 34.4150, 52.0462, 60.2715, 15.4391,  6.8339,  2.8935,
        40.6318,  2.9866, 42.6569, 85.1498, 30.7701, 15.4430, 19.9133,  8.5199,
        66.5243, 23.5017,  8.5032, 67.3871,  1.8571, 75.7632, 43.0621, 26.6863,
         8.2198,  2.8566,  0.4319])
val_loss:  tensor(2.9503, device='cuda:0')
train_loss:  tensor(1.0271, device='cuda:0')